11000
2000
2000
1000
65177
1240
1500
4000
1100
6360
5000
15000
2000
1100
2000
35000
16000
2400
3500
20100
4000
130550
1000
12000
1000
20000
2200
1000
1800
17000
1700
2000
1000
7100
15014
5800
1000
1000
1200
1363
4000
1050
1000
4300
10000
2000
4100
3241
1030
105000
104600
4000
1000
4000
1000
6500
4000
1000
1000
2000
1100
1900
1200
3000
8000
3400
2000
40000
4000
3000
250025
75000
100000
75000
618000
1000
7000
200000
1121
1500
11500
2500
9000
2000
10000
2300
1720
30000
2000
2500
2000
2800
1000
9000
1600
1100
2500
1000
1500
1500
21379
1000
50000
2000
2000
1000
23000
3100
4000
4500
1000
13399
1700
2000
1375
10000
2800
1150
2200
5000
1000
5500
10500
4000
3000
1000
1000
4000
1125
1000
10000
10000
5000
1000
1500
15000
1800
10000
3000
1180
100000
12000
45000
6000
1600
2500
5300
5000
1400
1500
10000
1000
1192
1100
150022
4000
6000
1000
1050
5000
7000
1000
7000
150015
4000
2000
20000
3000
1500
1029225
24150
2500
3000
1500
2000
1500
1000
19688
9200
3500
3300
2000
4600
3000
5000
1500
7000
3000
1100
8000
5000
1000
5000
65000
90000
2000
20000
2000
7500
2000
2000
100000
4000
1000
400000
3000
7000
2600
2000
1210
3250
1000
1000
1335
309400
1200
31000
1000
30000
1737
21800
81600
50000
1200000
68180
2000
4000
2000
1600
3424
36000
2250
11273
3000
20000
1000
14000
2100
10000
20000
1000
6000
2500
3000
1500
1200
66958
10000
2550
8000
2000
53500
2000
100000
1000
6250
4805
3000
1469
69000
1000
2428
3000
10000
45000
10000
3550
3000
1400
1750
1000
20000
2000
100398
32000
2000
3000
1000
8600
3200
3235
4500
13100
4470
15000
102600
10950
1300
1000
5000
1600
4000
3134
22000
2000
1001
21700
14900
3000
1000
10000
24000
6200
1055
30000
20560
235500
3000
32400
45516
12708
1368
100000
4000
1000
1600
4000
4000
7000
10000
9000
13000
25000
36288
2400
40000
3800
7500
2100
1000
3000
1500
70000
1000
1000
4000
7500
3000
28057
32070
1200
1000
5000
7000
1000
23476
1300
25200
10000
48953
40000
8046
12750
50000
10000
3500
5000
3000
1000
1500
3000
10000
1000
1000
4000
3300
1000
1200
2500
1200
2000
145000
1800
9600
2500
5000
5500
1000
8000
2000
1000
3150
1000
6000
3000
3000
1000
10000
3000
1650
1000
3327
2500
20000
11816
3000
36985
10574
1000
9000
3500
120020
1700
1080
1000
1800
5000
4600
5826
1500
1350