7
1
1
1
1
1
1
9
1
6
5
1
29
1
12
1
1
1
1
1
1
3
1
1
1
3
4
3
1
1
1
4
3
1
1
6
1
1
7
2
1
1
1
1
1
1
1
3
1
1
1
1
29
2
1
1
7
1
1
1
17
1
1
1
2
3
1
1
4
6
5
1
1
3
17
1
3
1
2
1
1
22
1
10
1
2
1
4
1
1
2
1
1
1
54
1
1
13
6
13
61
1
1
1
2
1
1
2
1
1
1
2
2
1
219
1
1
1
1
1
2
4
2
1
9
14
1
5
42
4
1
10
1
1
1
1
1
1
2
4
1
8
1
1
4
19
1
1
2
1
1
1
1
2
1
1
2
2
11
6
3
20
3
5
1
1
1
1
1
1
1
1
2
4
41
1
2
1
1
1
3
1
1
61
1
1
1
1
1
1
2
1
8
7
2
2
2
2
3
1
2
1
1
2
5
20
1
2
240
4
1
2
2
2
9
1
2
134
1
1
2
1
11
1
2
4
1
1
1
2
1
1
1
1
3
6
7
1
1
1
1
78
1
1
11
2
1
1
1
2
1
1
5
20
2
2
2
6
1
2
5
2
2
11
2
1
4
1
1
2
1
10
1
1
1
1
1
6
1
6
4
1
9
2
3
1
1
3
1
1
1
3
1
1
1
1
1
1
1
1
49
1
1
1
1
16
1
1
1
2
3
1
1
1
1
1
1
1
1
2
1
1
2
1
15
3
13
5
30
1
1
35
1
1
6
1
1
2
1
1
1
1
1
1
1
1
1
2
3
1
6
1
5
1
3
19
23
1
1
1
1
1
1
2
1
1
1
3
18
2
1
1
1
2
1
2
2
1
3
1
8
1
1
1
2
2
6
1
2
2
1
18
1
1
1
1
1
1
1
1
12
8
87
1
1
30
1
1
5
1
1
1
1
1
1
8
5
1
1
2
1
1
2
2
1
1
1
1
1
1
3
2
1
1
1
1
3
2
2
1
2
1
8
9
10
53
1
2
1
1
1
2
1
1
1
1
1
1
1
3
1
1
1
5
1
11
2
4
87
1
1
13
1
1
18
1
1
1
1
2
1
1
1
1
1
3
1
1
2
1
1
4
1
1
2
1
19
3
1
1
1
30
1
5
1
1
2
1
1
1
1
2
1
1
1
1
1
1
1
2
1
5
1
1
2
2
1
2
1
8
1
2
1
1
1
1
4
2
2
5
4
1
40
1
1
13
1
1
1
1
2
1
1
44
1
1
1
1
12
1
1
1
44
1
2
1
3
1
1
1
1
1
52
1
18
2
1
1
11
2
19
1
3
1
1
2
1
4
1
1
1
68
1
1
3
1
4
2
1
2
2
1
3
1
1
1
1
1
7
1
1
1
4
2
2
1
1
2
6
2
1
1
1
3
1
1
5
1
1
1
1
1
2
8
1
2
1
1
2
6
3
1
2
2
1
1
1
5
1
5
1
1
1
1
1
1
1
1
1
1
2
3
1
2
3
39
1
1
1
3
1
2
1
2
1
3
1
2
1
3
6
35
1
1
1
1
1
1
1
4
1
4
1
2
15
2
1
3
2
1
1
1
8
3
1
1
2
1
1
1
3
11
2
2
1
1
1
3
1
2
1
48
1
1
2
1
1
1
1
1
1
2
1
1
2
1
1
1
9
7
1
7
1
1
2
1
3
1
2
1
1
1
1
2
1
4
2
2
1
1
1
1
7
8
2
2
29
1
1
1
1
5
2
12
13
1
1
1
6
1
1
1
1
1
5
2
331
2
6
1
1
1
2
2
28
1
4
32
16
1
2
1
1
1
4
94
1
1
2
1
2
1
1
1
1
1
2
1
3
1
1
1
1
1
4
1
4
2
2
1
1
1
1
1
39
5
1
32
1
15
1
3
22
2
1
1
2
1
1
1
1
2
21
2
9
9
1
1
3
1
1
2
1
2
12
13
1
1
1
88
2
2
1
2
9
10
2
5
1
1
1
1
1
1
2
1
8
3
1
90
1
3
1
1
1
1
3
3
1
33
1
1
1
13
1
1
1
12
2
1
3
1
5
5
1
1
1
2
1
1
1
1
1
1
3
1
2
1
1
2
1
1
2
1
1
5
3
6
3
1
1
1
35
1
1
1
1
1
37
4
1
5
1
5
1
1
19
4
126
8
13
1
6
1
1
167
1
30
1
1
1
2
1
1
1
4
11
1
1
6
1
8
4
52
1
1
1
15
7
59
1
240
1
1
4
13
13
1
1
1
1
7
3
1
2
2
1
1
1
1
3
1
1
3
1
1
1
1
32
1
1
1
1
1
1
5
1
1
1
1
7
1
1
2
1
1
2
1
1
3
4
3
2
1
6
3
15
4
1
2
2
3
1
1
1
72
1
1
1
1
1
1
2
2
1
1
3
5
183
2
32
1
18
1
1
2
2
1
1
1
9
1
2
2
4
1
1
1
1
1
2
1
3
1
5
2
2
1
2
6
1
1
1
1
1
4
2
1
2
2
1
1
1
1
1
1
1
2
1
2
14
2
358
1
1
5
1
4
2
1
1
1
2
1
2
4
1
1
1
2
27
1
1
3
1
1
9
1
1
1
2
1
4
300
5
1
11
1
9
2
1
5
1
23
37
2
1
1
2
14
9
1
3
1
4
21
1
1
1
1
1
3
9
1
1
1
2
1
1
1
1
1
20
3
206
1
1
3
1
1
4
29
2
2
1
1
11
2
1
1
1
1
1
1
6
132
13
1
2
5
2
3
1
1
1
1
1
5
1
142
5
1
1
8
3
1
3
1
1
1
1
1
1
1
1
7
2
1
1
1
1
1
1
5
3
1
2
1
1
1
3
2
1
2
1
1
1
1
1
2
2
1
1
48
3
1
1
1
1
3
1
1
1
1
2
1
2
2
1
2
1
1
1
2
1
12
17
1
226
2
1
1
1
1
1
1
1
1
4
1
4
1
1
1
1
7
1
2
1
1
1
3
1
1
1
3
5
1
1
1
1
7
1
1
2
1
1
1
1
1
1
1
1
1
2
1
1
4
1
5
1
1
1
81
2
1
2
2
1
1
17
1
5
1
1
1
3
4
1
1
1
1
1
1
1
1
1
1
1
5
4
1
2
4
2
1
5
1
7
2
1
1
1
1
1
1
1
3
2
8
1
4
108
1
5
2
1
2
2
1
1
1
1
1
13
1
1
7
1
1
1
3
1
1
1
2
1
4
1
4
1
1
1
1
1
2
1
1
9
2
3
1
2
1
1
15
3
2
1
1
1
6
3
1
1
2
1
1
1
1
3
1
1
1
1
37
4
1
1
2
3
1
1
288
1
66
30
2
28
1
2
4
1
1
1
1
3
1
1
5
1
23
4
1
62
2
1
1
1
1
1
116
1
4
1
1
1
1
1
1
15
1
1
4
5
2
1
2
1
9
1
6
1
1
1
1
2
3
1
3
248
1
23
5
2
204
1
4
3
1
1
5
3
2
1
2
1
1
1
1
1
1
2
1
1
1
20
2
4
3
6
2
1
23
1
10
1
2
1
1
1
10
6
4
2
13
5
2
1
4
10
2
2
1
1
1
1
1
1
1
2
50
1
2
4
29
42
1
1
1
1
4
3
6
1
28
3
1
1
1
1
5
12
1
21
2
1
1
12
1
84
1
2
8
195
11
4
2
1
28
2
1
4
1
1
15
1
11
1
172
1
1
1
1
3
17
2
2
1
1
1
7
1
3
1
1
2
2
1
2
1
102
1
5
314
2
13
1
6
1
5
112
66
20
69
1
4
2
1
1
6
7
2
8
4
1
17
3
1
1
1
1
1
15
1
36
82
9
2
1
1
1
1
1
1
2
2
3
1
2
38
