11
2
2
65
2
4
6
5
15
2
2
35
16
2
4
20
4
131
12
20
2
2
17
2
2
7
15
6
4
4
10
2
4
3
105
105
4
4
7
4
2
2
3
8
3
2
40
4
3
250
75
100
75
618
7
200
2
12
3
9
2
10
2
2
30
2
3
2
3
9
2
3
2
2
21
50
2
2
23
3
4
5
13
2
2
10
3
2
5
6
11
4
3
4
10
10
5
2
15
2
10
3
100
12
45
6
2
3
5
5
2
10
150
4
6
5
7
7
150
4
2
20
3
2
1029
24
3
3
2
2
2
20
9
4
3
2
5
3
5
2
7
3
8
5
5
65
90
2
20
2
8
2
2
100
4
400
3
7
3
2
3
309
31
30
2
22
82
50
1200
68
2
4
2
2
3
36
2
11
3
20
14
2
10
20
6
3
3
2
67
10
3
8
2
54
2
100
6
5
3
69
2
3
10
45
10
4
3
2
20
2
100
32
2
3
9
3
3
5
13
4
15
103
11
5
2
4
3
22
2
22
15
3
10
24
6
30
21
236
3
32
46
13
100
4
2
4
4
7
10
9
13
25
36
2
40
4
8
2
3
2
70
4
8
3
28
32
5
7
23
25
10
49
40
8
13
50
10
4
5
3
2
3
10
4
3
3
2
145
2
10
3
5
6
8
2
3
6
3
3
10
3
2
3
3
20
12
3
37
11
9
4
120
2
2
5
5
6
2