11
2
2
1
65
1
2
4
1
6
5
15
2
1
2
35
16
2
4
20
4
131
1
12
1
20
2
1
2
17
2
2
1
7
15
6
1
1
1
1
4
1
1
4
10
2
4
3
1
105
105
4
1
4
1
7
4
1
1
2
1
2
1
3
8
3
2
40
4
3
250
75
100
75
618
1
7
200
1
2
12
3
9
2
10
2
2
30
2
3
2
3
1
9
2
1
3
1
2
2
21
1
50
2
2
1
23
3
4
5
1
13
2
2
1
10
3
1
2
5
1
6
11
4
3
1
1
4
1
1
10
10
5
1
2
15
2
10
3
1
100
12
45
6
2
3
5
5
1
2
10
1
1
1
150
4
6
1
1
5
7
1
7
150
4
2
20
3
2
1029
24
3
3
2
2
2
1
20
9
4
3
2
5
3
5
2
7
3
1
8
5
1
5
65
90
2
20
2
8
2
2
100
4
1
400
3
7
3
2
1
3
1
1
1
309
1
31
1
30
2
22
82
50
1200
68
2
4
2
2
3
36
2
11
3
20
1
14
2
10
20
1
6
3
3
2
1
67
10
3
8
2
54
2
100
1
6
5
3
1
69
1
2
3
10
45
10
4
3
1
2
1
20
2
100
32
2
3
1
9
3
3
5
13
4
15
103
11
1
1
5
2
4
3
22
2
1
22
15
3
1
10
24
6
1
30
21
236
3
32
46
13
1
100
4
1
2
4
4
7
10
9
13
25
36
2
40
4
8
2
1
3
2
70
1
1
4
8
3
28
32
1
1
5
7
1
23
1
25
10
49
40
8
13
50
10
4
5
3
1
2
3
10
1
1
4
3
1
1
3
1
2
145
2
10
3
5
6
1
8
2
1
3
1
6
3
3
1
10
3
2
1
3
3
20
12
3
37
11
1
9
4
120
2
1
1
2
5
5
6
2
1